ISS (ZARYA)             
1 25544U 98067A   23165.54734972  .00012470  00000+0  22018-3 0  9997
2 25544  51.6413 341.6100 0005316  80.6438 320.5009 15.50752344401382
AEROCUBE 12B            
1 43557U 18046D   23164.83257327  .00128830  00000+0  91641-3 0  9991
2 43557  51.6258 203.0842 0008089 334.8857  25.1747 15.72914386275180
ISS DEB                 
1 47853U 98067RZ  23164.42755290  .00025851  00000+0  23586-3 0  9994
2 47853  51.6364 317.8213 0001539 244.0200 116.0638 15.67694629128224
CSS (TIANHE)            
1 48274U 21035A   23165.28587544  .00012653  00000+0  15557-3 0  9998
2 48274  41.4732 173.4983 0002422 346.4210  23.2588 15.60059141121388
ISS (NAUKA)             
1 49044U 21066A   23164.50892816  .00012815  00000+0  22628-3 0  9990
2 49044  51.6401 346.7634 0005139  77.4807 282.6757 15.50724885401225
FREGAT DEB              
1 49271U 11037PF  23164.79303613 -.00010214  00000+0 -27015-1 0  9998
2 49271  51.6547 313.5808 0984115  70.4548 299.9804 12.05209914 90493
CSS (WENTIAN)           
1 53239U 22085A   23164.45194587  .00012644  00000+0  15560-3 0  9994
2 53239  41.4732 178.5737 0002283 342.2024  17.8735 15.60037257121253
CSS (MENGTIAN)          
1 54216U 22143A   23164.45194587  .00012644  00000+0  15560-3 0  9995
2 54216  41.4732 178.5737 0002283 342.2024  17.8735 15.60037257121259
TIANZHOU-5              
1 54237U 22152A   23164.45194587  .00012644  00000+0  15560-3 0  9998
2 54237  41.4732 178.5737 0002283 342.2024  17.8735 15.60037257121252
ORCASAT                 
1 55126U 98067UT  23164.90757174  .00308881  46521-4  97597-3 0  9995
2 55126  51.6307 325.3465 0005389 268.2245  91.8144 15.90765785 26159
SPORT                   
1 55129U 98067UW  23164.75705668  .00069142  00000+0  60196-3 0  9998
2 55129  51.6334 334.9203 0002576 148.0885 212.0268 15.68377501 26006
HSKSAT                  
1 55182U 98067UZ  23164.45812983  .00321553  49398-4  10320-2 0  9991
2 55182  51.6240 328.3046 0005318 290.2899  69.7535 15.90453454 24789
OPTIMAL-1               
1 55183U 98067VA  23164.75455688  .00135628  00000+0  85908-3 0  9993
2 55183  51.6375 331.9152 0003335 182.4145 177.6839 15.75612102 24764
ISS DEB (SPX-26 IPA FSE)
1 55448U 98067VB  23164.76813854  .00035639  00000+0  41547-3 0  9993
2 55448  51.6372 339.5110 0005107  98.5111 261.6461 15.61292044 20723
PROGRESS-MS 22          
1 55560U 23018A   23164.50892816  .00012815  00000+0  22628-3 0  9999
2 55560  51.6401 346.7634 0005139  77.4807 282.6757 15.50724885401225
SOYUZ-MS 23             
1 55688U 23024A   23164.50892816  .00012815  00000+0  22628-3 0  9997
2 55688  51.6401 346.7634 0005139  77.4807 282.6757 15.50724885401226
CREW DRAGON 6           
1 55740U 23027A   23164.50892816  .00012815  00000+0  22628-3 0  9999
2 55740  51.6401 346.7634 0005139  77.4807 282.6757 15.50724885401225
ARKSAT 1                
1 56311U 98067VC  23164.78036113  .00060950  00000+0  84141-3 0  9991
2 56311  51.6389 344.0816 0003972  85.8942 274.2504 15.56579909  7831
AURORASAT               
1 56312U 98067VD  23163.81074846  .00070643  00000+0  95288-3 0  9994
2 56312  51.6385 348.8541 0003265  79.8390 280.2970 15.57143522  7710
EX-ALTA-2               
1 56313U 98067VE  23164.78063172  .00062191  00000+0  85749-3 0  9992
2 56313  51.6381 344.0808 0003759  84.8695 275.2725 15.56605303  7859
LIGHTCUBE               
1 56314U 98067VF  23164.51988966  .00070008  00000+0  94643-3 0  9990
2 56314  51.6381 345.3397 0003859  50.4328 309.7004 15.57085238  7842
NEUDOSE                 
1 56315U 98067VG  23165.06448911  .00044266  00000+0  64872-3 0  9991
2 56315  51.6384 342.9757 0005529  66.1787 293.9783 15.55089709  7874
YUKONSAT                
1 56316U 98067VH  23164.79646953  .00053390  00000+0  75952-3 0  9996
2 56316  51.6382 344.1866 0004764  60.4557 299.6909 15.55820638  7855
ISS DEB                 
1 56434U 98067VJ  23164.78505491  .00040608  00000+0  62672-3 0  9990
2 56434  51.6396 344.8612 0005008  89.1828 270.9736 15.53711499  6398
TIANZHOU-6              
1 56446U 23063A   23164.45194587  .00012644  00000+0  15560-3 0  9994
2 56446  41.4732 178.5737 0002283 342.2024  17.8735 15.60037257121256
PROGRESS-MS 23          
1 56740U 23071A   23164.50892816  .00012815  00000+0  22628-3 0  9999
2 56740  51.6401 346.7634 0005139  77.4807 282.6757 15.50724885401226
AXIOM-2 DEB             
1 56751U 23070B   23155.18545233  .00137659  00000+0  93325-3 0  9998
2 56751  51.4359  32.6116 0064812 169.8500 272.9083 15.71117998   653
SHENZHOU-16 (SZ-16)     
1 56761U 23077A   23164.45194587  .00012644  00000+0  15560-3 0  9999
2 56761  41.4732 178.5737 0002283 342.2024  17.8735 15.60037257121256
DRAGON CRS-28           
1 56845U 23080A   23164.50892816  .00012815  00000+0  22628-3 0  9995
2 56845  51.6401 346.7634 0005139  77.4807 282.6757 15.50724885401222
