ISS (ZARYA)             
1 25544U 98067A   23157.48417454  .00014849  00000+0  26269-3 0  9998
2 25544  51.6404  21.5988 0005313  55.0203 305.1284 15.50527948400139
AEROCUBE 12B            
1 43557U 18046D   23157.07689072  .00119497  00000+0  92084-3 0  9996
2 43557  51.6264 242.8022 0007922 300.9104  59.1114 15.71058449273969
ISS DEB                 
1 47853U 98067RZ  23157.03216639  .00027456  00000+0  25427-3 0  9991
2 47853  51.6370 355.4335 0001663 193.3414 166.7538 15.67288911127060
CSS (TIANHE)            
1 48274U 21035A   23157.12472922  .00025707  00000+0  31446-3 0  9994
2 48274  41.4756 223.0992 0003691 306.8068 251.9132 15.59798588120103
ISS (NAUKA)             
1 49044U 21066A   23156.92199616  .00015018  00000+0  26573-3 0  9996
2 49044  51.6415  24.3802 0005517  56.8503  43.2213 15.50510071106130
FREGAT DEB              
1 49271U 11037PF  23156.74854469 -.00009101  00000+0 -23246-1 0  9999
2 49271  51.6689 336.1795 0994139  53.1330 315.6555 12.05308396 89525
CSS (WENTIAN)           
1 53239U 22085A   23156.51314202  .00025146  00000+0  30805-3 0  9990
2 53239  41.4729 226.8209 0003622 299.9995  60.0483 15.59768597120012
CSS (MENGTIAN)          
1 54216U 22143A   23156.51314202  .00025146  00000+0  30805-3 0  9991
2 54216  41.4729 226.8209 0003622 299.9995  60.0483 15.59768597120018
TIANZHOU-5              
1 54237U 22152A   23156.89381944  .00025840  00000+0  31619-3 0  9997
2 54237  41.4755 224.5022 0003590 303.5517  36.8651 15.59787418120060
ORCASAT                 
1 55126U 98067UT  23156.98083369  .00157208  00000+0  60321-3 0  9999
2 55126  51.6328   6.9344 0004208 188.8457 171.2474 15.86407376 24893
SPORT                   
1 55129U 98067UW  23157.23603029  .00066917  00000+0  60651-3 0  9994
2 55129  51.6347  13.1957 0003943 116.3815 243.7586 15.67397969 24823
HSKSAT                  
1 55182U 98067UZ  23157.41154608  .00277336  00000+0  10503-2 0  9996
2 55182  51.6260   5.2735 0002247 226.7752 133.3065 15.86359668 23666
OPTIMAL-1               
1 55183U 98067VA  23156.88501159  .00095252  00000+0  65875-3 0  9992
2 55183  51.6376  12.3647 0005226 133.1703 226.9733 15.73729776 23526
ISS DEB (SPX-26 IPA FSE)
1 55448U 98067VB  23156.82990734  .00037115  00000+0  44162-3 0  9991
2 55448  51.6374  19.4960 0005803  73.4965 286.6666 15.60734536 19485
PROGRESS-MS 22          
1 55560U 23018A   23156.51739154  .00015245  00000+0  26975-3 0  9995
2 55560  51.6404  26.3922 0005330  52.1411 308.0060 15.50498142399986
SOYUZ-MS 23             
1 55688U 23024A   23156.51739154  .00015245  00000+0  26975-3 0  9993
2 55688  51.6404  26.3922 0005330  52.1411 308.0060 15.50498142399987
CREW DRAGON 6           
1 55740U 23027A   23156.51739154  .00015245  00000+0  26975-3 0  9995
2 55740  51.6404  26.3922 0005330  52.1411 308.0060 15.50498142399986
ARKSAT 1                
1 56311U 98067VC  23156.81705544  .00050583  00000+0  72489-3 0  9990
2 56311  51.6395  23.8976 0005197  65.1805 294.9726 15.55642022  6590
AURORASAT               
1 56312U 98067VD  23157.07003692  .00067921  00000+0  94955-3 0  9991
2 56312  51.6386  22.5856 0004398  65.7865 294.3586 15.56191745  6666
EX-ALTA-2               
1 56313U 98067VE  23157.07439601  .00057219  00000+0  81687-3 0  9992
2 56313  51.6387  22.6147 0004913  65.9470 294.2035 15.55694240  6653
LIGHTCUBE               
1 56314U 98067VF  23157.07257427  .00064758  00000+0  91013-3 0  9997
2 56314  51.6383  22.6017 0004537  41.4042 318.7293 15.56068418  6686
NEUDOSE                 
1 56315U 98067VG  23156.83698672  .00042103  00000+0  63394-3 0  9993
2 56315  51.6390  24.0279 0006096  44.2586 315.8891 15.54368513  6596
YUKONSAT                
1 56316U 98067VH  23156.82952150  .00050146  00000+0  73645-3 0  9993
2 56316  51.6393  23.9784 0005461  42.6425 317.4989 15.54977015  6610
ISS DEB                 
1 56434U 98067VJ  23157.25822513  .00042871  00000+0  67580-3 0  9998
2 56434  51.6403  22.3418 0005763  67.2191 292.9407 15.53096717  5226
TIANZHOU-6              
1 56446U 23063A   23156.51314202  .00025146  00000+0  30805-3 0  9990
2 56446  41.4729 226.8209 0003622 299.9995  60.0483 15.59768597120015
PROGRESS-MS 23          
1 56740U 23071A   23156.51739154  .00015245  00000+0  26975-3 0  9995
2 56740  51.6404  26.3922 0005330  52.1411 308.0060 15.50498142399987
AXIOM-2 DEB             
1 56751U 23070B   23155.18545233  .00137659  00000+0  93325-3 0  9998
2 56751  51.4359  32.6116 0064812 169.8500 272.9083 15.71117998   653
SHENZHOU-16 (SZ-16)     
1 56761U 23077A   23156.51314202  .00025146  00000+0  30805-3 0  9995
2 56761  41.4729 226.8209 0003622 299.9995  60.0483 15.59768597120015
CZ-2F R/B               
1 56766U 23077F   23156.66136478  .01066503  76254-5  52678-3 0  9998
2 56766  41.4722 223.0874 0079634 175.9888 317.4458 16.12448664  1053
DRAGON CRS-28           
1 56845U 23080A   23157.04990368 -.00000480  00000+0  00000+0 0  9999
2 56845  51.6505  23.7521 0003131 152.7662 299.4280 15.54163338    57
